0.000000 0.847832 0.547135 0.889326 0.375945 0.102324 0.834532 0.648589 0.891857 0.321984 0.269305 0.452125 0.401870 0.159224 0.172500 0.169588 0.710515 0.146118 0.150865 0.472443 0.491637 0.457514 0.626540 0.135893 0.377755 0.615191 0.261606 0.538344 0.204966 0.444850 0.209930 0.225567 0.310292 0.497187 0.491871 0.324794 0.483655 0.335803 0.544453 0.214511 0.966434 0.782010 0.607478 0.428742 0.723270 0.541652 0.493134 0.734572 0.677986 0.341404 0.070017 0.424113 0.901950 0.576277 0.689445 0.313890 0.994343 0.949611 0.224836 0.649929 0.369282 0.289375 0.367450 0.346911 0.750421 0.193691 0.820708 0.748106 0.508100 0.087599 0.396597 0.557117 0.449863 0.290984 0.499491 0.025822 0.424096 0.553492 0.487010 0.583845 0.360832 0.098172 0.814127 0.139831 0.324834 0.226294 0.200785 0.850458 0.663092 0.667511 1.016167 0.477609 0.354512 0.474752 0.638459 0.872343 0.547532 0.239317 0.449472 0.723625
0.847832 0.000000 0.461551 0.299227 0.643225 0.877690 0.645169 0.430571 0.512138 0.762377 0.603182 0.499871 1.027622 0.733945 0.959539 0.678244 0.636077 0.707359 0.696972 0.659660 0.740296 0.558712 0.221540 0.762658 0.894376 0.299026 0.672371 0.578679 1.003080 0.404658 0.666856 0.717103 0.683017 0.363327 0.358052 0.523966 0.947038 0.887658 0.335952 0.881544 0.144966 0.073556 0.639629 0.834405 0.662796 0.415051 0.384859 0.129529 0.462156 0.904922 0.892010 0.463894 0.553791 0.346382 0.218862 0.539627 0.730580 0.673054 0.650906 0.203443 0.995550 0.576992 1.091819 0.552035 0.159072 0.684279 0.270294 0.150650 0.456161 0.841517 0.568615 0.568283 0.499979 1.014557 0.878715 0.824050 0.441041 0.631210 0.636096 0.787910 0.789748 0.771536 0.125794 0.839444 0.792504 0.802730 0.658832 0.876583 0.781864 0.465391 0.821098 0.651655 0.558958 1.147070 0.209554 0.084941 0.651225 0.977773 0.435380 0.558062
0.547135 0.461551 0.000000 0.676367 0.211587 0.527982 0.870424 0.600897 0.815852 0.651875 0.284591 0.494138 0.877697 0.515528 0.708057 0.408819 0.792950 0.407964 0.423618 0.661508 0.736430 0.561169 0.303444 0.419734 0.782289 0.164617 0.294811 0.639771 0.746794 0.247122 0.337721 0.546295 0.571642 0.344933 0.242958 0.294051 0.874263 0.754790 0.391053 0.684698 0.520701 0.389515 0.732604 0.768820 0.818705 0.491403 0.385015 0.418756 0.647325 0.769556 0.612241 0.410057 0.848386 0.453122 0.454339 0.359145 1.009347 0.950131 0.323663 0.288736 0.841330 0.407008 0.889707 0.446336 0.472049 0.353499 0.613193 0.313364 0.047669 0.499497 0.519477 0.644487 0.491962 0.806948 0.838547 0.531764 0.195084 0.691876 0.651803 0.823989 0.347820 0.449872 0.364487 0.612604 0.678206 0.404904 0.353788 1.026717 0.864596 0.642255 1.076966 0.658349 0.193270 0.980721 0.323751 0.436828 0.703445 0.757647 0.400828 0.746883
0.889326 0.299227 0.676367 0.000000 0.807313 0.949413 0.383342 0.275877 0.224371 0.695324 0.705488 0.448162 0.945369 0.742619 0.952519 0.731788 0.418292 0.772861 0.748530 0.542743 0.607945 0.474732 0.373424 0.845904 0.804892 0.518302 0.794184 0.444845 0.994202 0.510789 0.759560 0.699294 0.635464 0.413216 0.477479 0.604012 0.825250 0.812585 0.356549 0.849015 0.407533 0.335311 0.464907 0.724528 0.440506 0.351400 0.403001 0.262627 0.277361 0.828887 0.913007 0.465502 0.266412 0.313999 0.229854 0.584224 0.439484 0.384887 0.746099 0.389234 0.919755 0.600466 1.037049 0.544618 0.205183 0.774236 0.070539 0.416297 0.653148 0.912385 0.516748 0.426969 0.449857 0.971559 0.745642 0.863539 0.571511 0.481357 0.516287 0.620649 0.948244 0.839160 0.418725 0.833291 0.721801 0.919710 0.738772 0.631601 0.586154 0.286255 0.533858 0.533626 0.699753 1.063694 0.353025 0.382703 0.501858 0.947440 0.441347 0.336016
0.375945 0.643225 0.211587 0.807313 0.000000 0.333449 0.919132 0.662490 0.903615 0.570193 0.174077 0.502668 0.752196 0.397879 0.547175 0.284368 0.819460 0.261738 0.291983 0.635227 0.695898 0.555576 0.446308 0.240177 0.683170 0.348808 0.117108 0.645671 0.580907 0.301857 0.189957 0.450552 0.504107 0.410562 0.330086 0.256438 0.785435 0.648271 0.468267 0.553386 0.721737 0.569676 0.738160 0.694058 0.841871 0.539930 0.438768 0.571624 0.706556 0.660260 0.445504 0.423983 0.929425 0.527615 0.577482 0.319255 1.071777 1.015647 0.183445 0.447296 0.716517 0.352477 0.739607 0.416584 0.614459 0.198677 0.738500 0.504245 0.194170 0.310892 0.498201 0.656511 0.500010 0.659543 0.768584 0.367110 0.237360 0.688626 0.633953 0.791722 0.146643 0.279293 0.562544 0.474038 0.590604 0.196876 0.220618 1.029088 0.849724 0.698887 1.124781 0.634975 0.115064 0.841520 0.465686 0.633103 0.694440 0.607961 0.429233 0.793008
0.102324 0.877690 0.527982 0.949413 0.333449 0.000000 0.923559 0.722860 0.970105 0.422451 0.276373 0.526396 0.494125 0.249449 0.251082 0.217866 0.801434 0.177104 0.201877 0.566472 0.590683 0.540999 0.656936 0.115997 0.479262 0.621416 0.233247 0.625896 0.272660 0.473883 0.211926 0.319415 0.403633 0.543994 0.519933 0.357526 0.584750 0.437098 0.596263 0.314266 0.986600 0.808439 0.699816 0.530967 0.815626 0.609437 0.547163 0.772750 0.755630 0.441989 0.156177 0.485885 0.982981 0.635592 0.738569 0.365302 1.083807 1.037110 0.228123 0.675335 0.463286 0.352545 0.444064 0.418213 0.795573 0.194217 0.879561 0.764822 0.494985 0.037186 0.477968 0.643884 0.523940 0.374347 0.601814 0.119428 0.439682 0.645476 0.579208 0.684059 0.283546 0.110459 0.829892 0.241881 0.426546 0.150838 0.219544 0.950001 0.762212 0.745424 1.109740 0.571029 0.344289 0.555871 0.671200 0.892813 0.640983 0.324431 0.508481 0.808955
0.834532 0.645169 0.870424 0.383342 0.919132 0.923559 0.000000 0.269745 0.174597 0.539466 0.764052 0.421224 0.721834 0.675957 0.825204 0.724728 0.127123 0.771076 0.734939 0.367356 0.382727 0.385932 0.601209 0.851595 0.593179 0.749733 0.857052 0.297818 0.858677 0.634500 0.794137 0.609389 0.525116 0.527425 0.628181 0.665352 0.566704 0.618948 0.479456 0.705387 0.775622 0.651564 0.231642 0.500874 0.123953 0.383558 0.490215 0.551474 0.223358 0.630979 0.827962 0.495423 0.143248 0.417807 0.463705 0.610997 0.160301 0.117632 0.786669 0.635095 0.707925 0.595588 0.837683 0.523504 0.496896 0.802306 0.380162 0.713106 0.831425 0.891139 0.450124 0.280480 0.423945 0.795126 0.485004 0.810738 0.699084 0.283301 0.349142 0.337197 1.032778 0.826525 0.741728 0.727297 0.553889 0.955556 0.762505 0.250396 0.266717 0.228169 0.207260 0.360740 0.804624 0.825946 0.585576 0.729060 0.293214 0.790699 0.490533 0.126236
0.648589 0.430571 0.600897 0.275877 0.662490 0.722860 0.269745 0.000000 0.249854 0.421733 0.520136 0.196829 0.669508 0.492959 0.688972 0.508435 0.213848 0.553678 0.522443 0.267269 0.336109 0.204300 0.337692 0.632851 0.529037 0.482318 0.614192 0.170239 0.729265 0.368837 0.560617 0.440106 0.368303 0.259770 0.359245 0.416826 0.553340 0.537066 0.209844 0.580096 0.573649 0.416219 0.210772 0.449734 0.241394 0.123442 0.225192 0.313895 0.046430 0.553257 0.661359 0.248671 0.269608 0.148064 0.218711 0.373405 0.412110 0.354449 0.550429 0.373879 0.643946 0.372338 0.762264 0.304647 0.271516 0.571832 0.223989 0.463880 0.562538 0.687208 0.255677 0.153656 0.199202 0.698778 0.475877 0.622982 0.434440 0.212740 0.240833 0.364157 0.785993 0.616370 0.503462 0.573191 0.447325 0.725564 0.532685 0.460088 0.351369 0.042442 0.476075 0.258171 0.547440 0.787980 0.324038 0.507472 0.233586 0.677471 0.235959 0.149365
0.891857 0.512138 0.815852 0.224371 0.903615 0.970105 0.174597 0.249854 0.000000 0.632429 0.768341 0.444029 0.849348 0.733808 0.914070 0.757381 0.256134 0.802912 0.770906 0.459505 0.500421 0.435914 0.521434 0.882388 0.712905 0.674502 0.862225 0.367494 0.951737 0.603532 0.810281 0.675165 0.596297 0.493565 0.584607 0.664407 0.705601 0.731541 0.436986 0.798504 0.630346 0.533556 0.340815 0.623011 0.269033 0.371599 0.465430 0.441879 0.214479 0.745747 0.898473 0.498098 0.042158 0.376222 0.370039 0.623154 0.218443 0.161502 0.799867 0.548933 0.830340 0.621517 0.957180 0.552551 0.382357 0.821642 0.242438 0.606096 0.783169 0.934927 0.495298 0.347189 0.446544 0.904366 0.622797 0.866572 0.669462 0.379129 0.435506 0.480042 1.032020 0.864863 0.622369 0.804437 0.652928 0.975263 0.782532 0.423817 0.423053 0.224738 0.310420 0.451074 0.789198 0.960709 0.502775 0.597047 0.395826 0.891493 0.483646 0.191463
0.321984 0.762377 0.651875 0.695324 0.570193 0.422451 0.539466 0.421733 0.632429 0.000000 0.398910 0.264986 0.265247 0.186760 0.285927 0.290004 0.412354 0.325563 0.287861 0.174542 0.171317 0.221238 0.568461 0.392313 0.137202 0.636119 0.463524 0.265682 0.320923 0.436564 0.385631 0.121248 0.084783 0.410997 0.472102 0.357825 0.222427 0.125289 0.426888 0.167043 0.902866 0.714886 0.307929 0.123978 0.419736 0.359871 0.380663 0.633342 0.434137 0.142554 0.297459 0.304377 0.632327 0.422305 0.555282 0.294138 0.695013 0.657053 0.388560 0.604430 0.233703 0.245281 0.342327 0.224917 0.622714 0.382837 0.636371 0.716728 0.604333 0.398102 0.194205 0.285976 0.264442 0.277115 0.198858 0.303030 0.463760 0.258544 0.197178 0.261862 0.624383 0.353524 0.778256 0.193941 0.030324 0.507259 0.352008 0.528682 0.341907 0.423549 0.705212 0.182391 0.485147 0.384874 0.570322 0.815548 0.246467 0.259296 0.331400 0.445837
0.269305 0.603182 0.284591 0.705488 0.174077 0.276373 0.764052 0.520136 0.768341 0.398910 0.000000 0.342957 0.599812 0.237316 0.424114 0.125675 0.657596 0.124937 0.139369 0.462878 0.521965 0.388999 0.384025 0.160433 0.517767 0.348189 0.094077 0.480355 0.463656 0.203624 0.064474 0.281458 0.330370 0.292346 0.247615 0.104301 0.617399 0.485482 0.349824 0.403459 0.710236 0.533003 0.571162 0.522292 0.678591 0.397015 0.308379 0.503942 0.561278 0.498780 0.330710 0.272236 0.789742 0.401180 0.482341 0.153501 0.920499 0.866530 0.048255 0.400073 0.563522 0.180211 0.605429 0.247774 0.533190 0.082237 0.634972 0.488591 0.242166 0.241429 0.328919 0.492877 0.340239 0.522810 0.596378 0.251091 0.163374 0.520090 0.463002 0.618026 0.268727 0.177222 0.553853 0.329024 0.420871 0.214223 0.069805 0.858960 0.677609 0.552557 0.966916 0.463062 0.093534 0.698667 0.399581 0.616441 0.524534 0.473197 0.284699 0.639161
0.452125 0.499871 0.494138 0.448162 0.502668 0.526396 0.421224 0.196829 0.444029 0.264986 0.342957 0.000000 0.529482 0.298116 0.504490 0.313742 0.316794 0.359609 0.326930 0.179031 0.261204 0.070618 0.321408 0.439666 0.394606 0.423561 0.435828 0.147075 0.546424 0.247286 0.374349 0.251136 0.192224 0.171931 0.262901 0.246458 0.451195 0.389868 0.168746 0.404360 0.642291 0.457166 0.240833 0.337404 0.339389 0.098280 0.132204 0.370380 0.229779 0.407088 0.467921 0.084467 0.458950 0.157329 0.290296 0.189774 0.578593 0.525935 0.366113 0.359884 0.498619 0.178722 0.603698 0.108541 0.357728 0.383663 0.383593 0.470773 0.448929 0.490997 0.071771 0.155072 0.002721 0.532000 0.389831 0.426452 0.302762 0.197762 0.163122 0.336876 0.611643 0.420868 0.527927 0.385160 0.294610 0.537778 0.343909 0.535799 0.370665 0.219808 0.624183 0.173503 0.390141 0.649441 0.318974 0.557931 0.209626 0.503236 0.095828 0.297008
0.401870 1.027622 0.877697 0.945369 0.752196 0.494125 0.721834 0.669508 0.849348 0.265247 0.599812 0.529482 0.000000 0.362995 0.248828 0.474666 0.601480 0.490587 0.463318 0.403156 0.349051 0.479696 0.831183 0.526124 0.140481 0.886761 0.635590 0.501582 0.246549 0.687093 0.563509 0.336497 0.346251 0.673929 0.726654 0.590890 0.165920 0.139966 0.692033 0.198811 1.167883 0.979508 0.508540 0.226489 0.598356 0.622382 0.645198 0.898575 0.672935 0.122702 0.338172 0.567869 0.840143 0.686534 0.819547 0.536205 0.859845 0.835534 0.572647 0.866231 0.036374 0.487365 0.124654 0.484336 0.886910 0.553575 0.890788 0.978155 0.831651 0.488795 0.459288 0.520437 0.529074 0.132901 0.240048 0.399257 0.703027 0.473821 0.429552 0.386786 0.761415 0.482853 1.040765 0.278722 0.235172 0.627780 0.536552 0.619007 0.467140 0.662979 0.842516 0.412273 0.693054 0.120101 0.834005 1.080015 0.455365 0.173802 0.595455 0.657933
0.159224 0.733945 0.515528 0.742619 0.397879 0.249449 0.675957 0.492959 0.733808 0.186760 0.237316 0.298116 0.362995 0.000000 0.225628 0.113942 0.552704 0.141453 0.106390 0.317075 0.346198 0.298624 0.517611 0.205598 0.285625 0.540853 0.285089 0.379257 0.269157 0.348020 0.208278 0.071008 0.154274 0.371919 0.392887 0.237155 0.389389 0.250443 0.411150 0.169829 0.862821 0.673806 0.450534 0.307825 0.566383 0.391685 0.358926 0.612695 0.520540 0.262800 0.170406 0.283343 0.743129 0.433818 0.555739 0.197183 0.835973 0.790664 0.214648 0.546874 0.326643 0.156983 0.380760 0.198411 0.620079 0.202230 0.675570 0.653732 0.470062 0.219907 0.238695 0.397940 0.296037 0.298107 0.382674 0.134878 0.349763 0.396261 0.329898 0.442039 0.438904 0.167678 0.719300 0.107232 0.200311 0.320568 0.177562 0.704996 0.516895 0.509979 0.860323 0.321580 0.330236 0.465686 0.526010 0.769976 0.391534 0.253065 0.310958 0.564402
0.172500 0.959539 0.708057 0.952519 0.547175 0.251082 0.825204 0.688972 0.914070 0.285927 0.424114 0.504490 0.248828 0.225628 0.000000 0.304820 0.698082 0.300108 0.287816 0.460003 0.449093 0.485029 0.742979 0.307913 0.273776 0.757069 0.431423 0.546747 0.043544 0.570296 0.371724 0.253770 0.320855 0.597113 0.616107 0.454373 0.368476 0.233145 0.634162 0.120419 1.088089 0.899297 0.593798 0.351601 0.704590 0.602157 0.582093 0.837687 0.708621 0.230432 0.102511 0.504658 0.916267 0.651505 0.777518 0.421974 0.979753 0.942825 0.384897 0.771599 0.222040 0.382548 0.195447 0.416725 0.842887 0.357365 0.887949 0.877095 0.666279 0.252732 0.436160 0.567006 0.502877 0.123383 0.408904 0.180272 0.563858 0.544278 0.481487 0.526507 0.529631 0.267896 0.942940 0.121400 0.272244 0.394526 0.354460 0.789912 0.611059 0.697881 0.984943 0.467533 0.514940 0.305258 0.751600 0.995011 0.532381 0.075177 0.532943 0.730339
0.169588 0.678244 0.408819 0.731788 0.284368 0.217866 0.724728 0.508435 0.757381 0.290004 0.125675 0.313742 0.474666 0.113942 0.304820 0.000000 0.607974 0.046375 0.018754 0.387926 0.433422 0.338821 0.456978 0.126963 0.398803 0.453497 0.173771 0.428621 0.346136 0.275765 0.095952 0.168822 0.235071 0.330325 0.322757 0.155846 0.501389 0.364297 0.380343 0.277814 0.797731 0.612604 0.511778 0.413755 0.625459 0.392536 0.330327 0.565670 0.543444 0.376743 0.219187 0.268111 0.772645 0.417853 0.524196 0.148433 0.884599 0.834755 0.100933 0.480813 0.438442 0.136154 0.480998 0.205363 0.583525 0.093124 0.662088 0.580740 0.364940 0.181069 0.274633 0.444725 0.311166 0.398173 0.488768 0.146075 0.260362 0.457873 0.394411 0.530772 0.337598 0.108495 0.646836 0.203807 0.308129 0.234281 0.063765 0.785556 0.599046 0.533533 0.919615 0.390273 0.219208 0.573035 0.468884 0.703709 0.457745 0.349249 0.290651 0.605021
0.710515 0.636077 0.792950 0.418292 0.819460 0.801434 0.127123 0.213848 0.256134 0.412354 0.657596 0.316794 0.601480 0.552704 0.698082 0.607974 0.000000 0.654084 0.617009 0.240807 0.257476 0.270856 0.549141 0.734207 0.469662 0.688800 0.748932 0.179603 0.731655 0.549095 0.682422 0.484990 0.400372 0.448482 0.550545 0.563207 0.451734 0.493765 0.409045 0.578293 0.775759 0.627988 0.104685 0.377668 0.027552 0.302185 0.407939 0.525470 0.175059 0.506306 0.701922 0.397303 0.240490 0.352135 0.431122 0.504184 0.284458 0.244745 0.676196 0.586205 0.585643 0.483358 0.714806 0.411863 0.478650 0.689298 0.393202 0.677717 0.750883 0.769835 0.334374 0.165065 0.319456 0.669738 0.369020 0.687118 0.610907 0.157355 0.223714 0.224209 0.925350 0.707080 0.716200 0.600781 0.426879 0.841000 0.649724 0.246279 0.170562 0.173663 0.311743 0.234486 0.706626 0.709227 0.536520 0.716045 0.166249 0.664143 0.397835 0.082656
0.146118 0.707359 0.407964 0.772861 0.261738 0.177104 0.771076 0.553678 0.802912 0.325563 0.124937 0.359609 0.490587 0.141453 0.300108 0.046375 0.654084 0.000000 0.038987 0.432287 0.475005 0.385156 0.485840 0.080590 0.425897 0.469078 0.145915 0.474818 0.339042 0.302793 0.073691 0.204811 0.276685 0.367100 0.349639 0.183624 0.530467 0.389133 0.419163 0.291824 0.822565 0.639968 0.557427 0.448256 0.671377 0.436717 0.370239 0.598433 0.589179 0.400276 0.205784 0.311281 0.818558 0.459371 0.561634 0.188657 0.930965 0.881123 0.085282 0.507210 0.454830 0.181398 0.485238 0.251392 0.619293 0.063071 0.702862 0.603128 0.366631 0.139927 0.320964 0.491014 0.357016 0.403355 0.523266 0.126498 0.278253 0.503404 0.439524 0.572234 0.298873 0.066674 0.669047 0.213182 0.341202 0.189459 0.055276 0.829143 0.642113 0.579325 0.965664 0.434913 0.214842 0.582798 0.498954 0.728448 0.502850 0.352696 0.332699 0.651382
0.150865 0.696972 0.423618 0.748530 0.291983 0.201877 0.734939 0.522443 0.770906 0.287861 0.139369 0.326930 0.463318 0.106390 0.287816 0.018754 0.617009 0.038987 0.000000 0.393653 0.436035 0.349083 0.475723 0.117280 0.392002 0.471418 0.178709 0.438046 0.328794 0.294501 0.102080 0.166774 0.237700 0.348417 0.341497 0.174555 0.495657 0.356396 0.397954 0.265495 0.816452 0.631357 0.519625 0.411028 0.633918 0.407685 0.347666 0.584204 0.556704 0.368277 0.200858 0.284116 0.785489 0.434535 0.542065 0.166015 0.895008 0.845767 0.109589 0.499557 0.427223 0.150820 0.466134 0.218389 0.601688 0.096013 0.678962 0.599338 0.380284 0.165415 0.284938 0.454592 0.324393 0.383464 0.486078 0.127324 0.278410 0.465491 0.401282 0.533277 0.337059 0.093962 0.665432 0.189762 0.304438 0.228218 0.073238 0.790254 0.603162 0.546695 0.928400 0.396399 0.232657 0.559762 0.487596 0.722424 0.464581 0.334033 0.307217 0.616189
0.472443 0.659660 0.661508 0.542743 0.635227 0.566472 0.367356 0.267269 0.459505 0.174542 0.462878 0.179031 0.403156 0.317075 0.460003 0.387926 0.240807 0.432287 0.393653 0.000000 0.082862 0.108792 0.497806 0.510020 0.262785 0.602013 0.546678 0.098459 0.495463 0.418466 0.473235 0.247338 0.162841 0.350962 0.439465 0.385967 0.290445 0.274939 0.342548 0.341584 0.804315 0.625035 0.136281 0.182880 0.251377 0.245170 0.310878 0.531282 0.270129 0.290239 0.461223 0.256099 0.458078 0.314489 0.441842 0.318656 0.525139 0.484580 0.470369 0.536684 0.379124 0.282869 0.501667 0.221484 0.506927 0.476648 0.490446 0.646161 0.614820 0.536670 0.142585 0.117657 0.180365 0.445189 0.219061 0.449844 0.466658 0.084420 0.026456 0.162507 0.720715 0.478511 0.700807 0.359994 0.193489 0.621740 0.438834 0.398433 0.214738 0.260036 0.543765 0.009122 0.531049 0.520990 0.493600 0.724767 0.075257 0.432398 0.273405 0.271473
0.491637 0.740296 0.736430 0.607945 0.695898 0.590683 0.382727 0.336109 0.500421 0.171317 0.521965 0.261204 0.349051 0.346198 0.449093 0.433422 0.257476 0.475005 0.436035 0.082862 0.000000 0.191402 0.580656 0.548767 0.213176 0.683060 0.600336 0.166853 0.479643 0.496308 0.524309 0.275394 0.198426 0.433025 0.519523 0.453801 0.217465 0.236340 0.425405 0.328721 0.885139 0.707126 0.159799 0.122600 0.259329 0.326883 0.393309 0.612457 0.331012 0.248856 0.468690 0.335814 0.492517 0.396257 0.521864 0.385706 0.532637 0.499692 0.523532 0.619520 0.330243 0.345049 0.458349 0.291287 0.586089 0.525385 0.559998 0.729014 0.689297 0.564266 0.217709 0.182454 0.262415 0.412443 0.140417 0.471488 0.541359 0.127274 0.104372 0.097353 0.770657 0.513275 0.783481 0.365131 0.177670 0.662997 0.489641 0.359399 0.171538 0.321794 0.536225 0.089791 0.596409 0.462425 0.576446 0.806588 0.107557 0.409054 0.354571 0.308963
0.457514 0.558712 0.561169 0.474732 0.555576 0.540999 0.385932 0.204300 0.435914 0.221238 0.388999 0.070618 0.479696 0.298624 0.485029 0.338821 0.270856 0.385156 0.349083 0.108792 0.191402 0.000000 0.389519 0.465664 0.341270 0.494172 0.479030 0.091664 0.525063 0.315295 0.411591 0.239496 0.164182 0.242373 0.333015 0.299965 0.388451 0.342254 0.234828 0.375956 0.702565 0.520287 0.182620 0.275722 0.290408 0.144654 0.202096 0.429418 0.224778 0.359135 0.462683 0.151560 0.444505 0.212368 0.343697 0.236733 0.545931 0.497044 0.405577 0.428294 0.451012 0.212597 0.563559 0.141584 0.410381 0.418483 0.415137 0.538304 0.515313 0.507433 0.064193 0.106185 0.072160 0.496830 0.323214 0.432606 0.367891 0.134012 0.092619 0.266521 0.655430 0.441190 0.593978 0.370726 0.248814 0.570638 0.378879 0.475040 0.303860 0.214056 0.582402 0.102978 0.445872 0.599698 0.385905 0.620633 0.142984 0.473683 0.166074 0.268051
0.626540 0.221540 0.303444 0.373424 0.446308 0.656936 0.601209 0.337692 0.521434 0.568461 0.384025 0.321408 0.831183 0.517611 0.742979 0.456978 0.549141 0.485840 0.475723 0.497806 0.580656 0.389519 0.000000 0.542412 0.704628 0.153069 0.458519 0.437099 0.786424 0.183274 0.447002 0.507634 0.485225 0.157468 0.137014 0.302429 0.770643 0.692168 0.155780 0.671943 0.345233 0.156527 0.517971 0.656704 0.576576 0.263142 0.190738 0.125450 0.381944 0.709274 0.672035 0.264115 0.556896 0.199805 0.152792 0.321177 0.725808 0.665846 0.431230 0.039125 0.797406 0.361633 0.884903 0.347301 0.171038 0.464235 0.309760 0.149634 0.280065 0.620570 0.381378 0.433285 0.320636 0.805455 0.711227 0.602931 0.224825 0.493168 0.478371 0.646955 0.591794 0.550195 0.209795 0.624254 0.598754 0.589122 0.437710 0.794713 0.662076 0.379936 0.802163 0.491245 0.349442 0.948726 0.020405 0.252853 0.510512 0.765934 0.237694 0.486551
0.135893 0.762658 0.419734 0.845904 0.240177 0.115997 0.851595 0.632851 0.882388 0.392313 0.160433 0.439666 0.526124 0.205598 0.307913 0.126963 0.734207 0.080590 0.117280 0.510020 0.548767 0.465664 0.542412 0.000000 0.479432 0.505979 0.127567 0.555101 0.340787 0.359866 0.096059 0.274477 0.351557 0.435819 0.405432 0.246120 0.585705 0.440011 0.490153 0.329818 0.870623 0.693000 0.636870 0.512185 0.751197 0.514628 0.442960 0.659818 0.668989 0.449038 0.205721 0.388302 0.898564 0.533748 0.629979 0.263691 1.011521 0.961712 0.112212 0.559943 0.491730 0.261083 0.501948 0.331680 0.684977 0.078448 0.775587 0.648825 0.383990 0.082051 0.401471 0.571440 0.437054 0.423603 0.586606 0.129400 0.323794 0.582701 0.518282 0.645535 0.238826 0.043388 0.713912 0.249221 0.404432 0.114975 0.107829 0.905272 0.717646 0.659211 1.045657 0.513024 0.231251 0.607034 0.557147 0.776860 0.581535 0.371767 0.408288 0.731967
0.377755 0.894376 0.782289 0.804892 0.683170 0.479262 0.593179 0.529037 0.712905 0.137202 0.517767 0.394606 0.140481 0.285625 0.273776 0.398803 0.469662 0.425897 0.392002 0.262785 0.213176 0.341270 0.704628 0.479432 0.000000 0.772845 0.570650 0.361239 0.293338 0.573024 0.493871 0.237457 0.221944 0.547268 0.609163 0.489011 0.106582 0.042528 0.560344 0.167387 1.036157 0.849214 0.372833 0.092324 0.469230 0.485077 0.515673 0.764936 0.532755 0.043757 0.329856 0.440563 0.705680 0.550609 0.683362 0.427824 0.737780 0.708984 0.499734 0.740947 0.117527 0.378502 0.245246 0.362118 0.750522 0.487654 0.750566 0.853292 0.735049 0.463635 0.326265 0.380220 0.394432 0.206137 0.135560 0.366300 0.597581 0.335222 0.289151 0.266858 0.717998 0.436939 0.914354 0.238162 0.107528 0.591029 0.462563 0.521188 0.351178 0.522741 0.729868 0.271895 0.607987 0.259418 0.705879 0.950022 0.317418 0.215353 0.467086 0.521515
0.615191 0.299026 0.164617 0.518302 0.348808 0.621416 0.749733 0.482318 0.674502 0.636119 0.348189 0.423561 0.886761 0.540853 0.757069 0.453497 0.688800 0.469078 0.471418 0.602013 0.683060 0.494172 0.153069 0.505979 0.772845 0.000000 0.396914 0.557849 0.799086 0.200074 0.411816 0.550929 0.551470 0.253047 0.165514 0.303995 0.852261 0.752912 0.280639 0.707900 0.374515 0.226130 0.645508 0.740294 0.715841 0.390571 0.294905 0.257199 0.527874 0.769255 0.671925 0.347880 0.709882 0.336910 0.305322 0.350956 0.877959 0.818051 0.395695 0.129333 0.851186 0.399451 0.921155 0.412494 0.313119 0.429523 0.458229 0.155476 0.157602 0.587952 0.468927 0.557795 0.422027 0.838782 0.802885 0.594921 0.193262 0.613329 0.586638 0.760082 0.494206 0.525391 0.214888 0.646766 0.665353 0.523188 0.414656 0.931699 0.786360 0.524751 0.952659 0.596879 0.280668 0.998992 0.171949 0.284480 0.628428 0.793698 0.328622 0.631646
0.261606 0.672371 0.294811 0.794184 0.117108 0.233247 0.857052 0.614192 0.862225 0.463524 0.094077 0.435828 0.635590 0.285089 0.431423 0.173771 0.748932 0.145915 0.178709 0.546678 0.600336 0.479030 0.458519 0.127567 0.570650 0.396914 0.000000 0.570664 0.466268 0.285748 0.077897 0.342486 0.403865 0.382228 0.325866 0.197852 0.674325 0.534582 0.440332 0.436801 0.769104 0.600227 0.660185 0.587394 0.769322 0.491024 0.400807 0.581886 0.655342 0.545996 0.330460 0.366282 0.883800 0.493487 0.568319 0.246054 1.013974 0.960267 0.076805 0.469345 0.600037 0.267240 0.622959 0.337451 0.615643 0.083137 0.723816 0.546866 0.262250 0.205041 0.417444 0.583928 0.433107 0.542615 0.662367 0.251152 0.233726 0.608172 0.548930 0.697390 0.176434 0.163828 0.610099 0.357169 0.481890 0.130652 0.111841 0.944651 0.760978 0.646601 1.059110 0.547621 0.116289 0.724429 0.475676 0.676650 0.611358 0.491100 0.378635 0.732500
0.538344 0.578679 0.639771 0.444845 0.645671 0.625896 0.297818 0.170239 0.367494 0.265682 0.480355 0.147075 0.501582 0.379257 0.546747 0.428621 0.179603 0.474818 0.438046 0.098459 0.166853 0.091664 0.437099 0.555101 0.361239 0.557849 0.570664 0.000000 0.584243 0.392651 0.503120 0.314666 0.232130 0.305532 0.403655 0.389434 0.383436 0.372689 0.282488 0.431098 0.723626 0.550730 0.093783 0.279746 0.198748 0.174256 0.263380 0.452814 0.171775 0.388241 0.536643 0.231401 0.370136 0.241590 0.359837 0.327602 0.458119 0.411492 0.497222 0.476179 0.477517 0.304217 0.599308 0.233215 0.422285 0.509776 0.394162 0.581204 0.595105 0.593330 0.154785 0.020324 0.149490 0.540725 0.307216 0.514131 0.449649 0.056099 0.072178 0.211713 0.747075 0.528974 0.631321 0.439344 0.287856 0.661409 0.470251 0.388724 0.228576 0.161619 0.491336 0.089358 0.534781 0.619186 0.429678 0.648471 0.073965 0.524975 0.239027 0.186299
0.204966 1.003080 0.746794 0.994202 0.580907 0.272660 0.858677 0.729265 0.951737 0.320923 0.463656 0.546424 0.246549 0.269157 0.043544 0.346136 0.731655 0.339042 0.328794 0.495463 0.479643 0.525063 0.786424 0.340787 0.293338 0.799086 0.466268 0.584243 0.000000 0.613298 0.409524 0.296213 0.360963 0.640649 0.659218 0.496912 0.381258 0.254964 0.677530 0.153881 1.131500 0.942768 0.627841 0.376415 0.737100 0.644289 0.625486 0.881206 0.747872 0.249584 0.135879 0.547930 0.952910 0.694342 0.820732 0.465365 1.011818 0.976292 0.423185 0.814918 0.224755 0.426088 0.172354 0.459856 0.886199 0.394584 0.929999 0.920162 0.705657 0.279385 0.477550 0.604550 0.544859 0.114116 0.428825 0.216097 0.605827 0.579392 0.517701 0.553018 0.555041 0.302453 0.986045 0.164702 0.304788 0.420414 0.393866 0.813586 0.637877 0.737143 1.013976 0.503250 0.553529 0.285841 0.795103 1.038374 0.566698 0.079324 0.576255 0.766593
0.444850 0.404658 0.247122 0.510789 0.301857 0.473883 0.634500 0.368837 0.603532 0.436564 0.203624 0.247286 0.687093 0.348020 0.570296 0.275765 0.549095 0.302793 0.294501 0.418466 0.496308 0.315295 0.183274 0.359866 0.573024 0.200074 0.285748 0.392651 0.613298 0.000000 0.265131 0.352021 0.352113 0.110217 0.047020 0.120057 0.654421 0.552843 0.166803 0.511629 0.522010 0.337357 0.485579 0.543608 0.574253 0.251071 0.144325 0.300491 0.414525 0.569205 0.493408 0.163742 0.631044 0.227472 0.283016 0.152886 0.780941 0.723171 0.249671 0.205087 0.651660 0.200309 0.725604 0.214613 0.330362 0.282067 0.440876 0.306919 0.202809 0.437409 0.278736 0.397599 0.245168 0.643917 0.608711 0.421797 0.066030 0.444902 0.406942 0.580329 0.438415 0.366926 0.372891 0.455155 0.465598 0.414606 0.254497 0.779990 0.617942 0.408035 0.841757 0.414620 0.190029 0.800204 0.197345 0.428038 0.456851 0.600700 0.153788 0.508937
0.209930 0.666856 0.337721 0.759560 0.189957 0.211926 0.794137 0.560617 0.810281 0.385631 0.064474 0.374349 0.563509 0.208278 0.371724 0.095952 0.682422 0.073691 0.102080 0.473235 0.524309 0.411591 0.447002 0.096059 0.493871 0.411816 0.077897 0.503120 0.409524 0.265131 0.000000 0.264593 0.327028 0.346921 0.310162 0.155727 0.597039 0.458472 0.403011 0.364910 0.774702 0.597013 0.590671 0.509497 0.701768 0.439092 0.358345 0.565560 0.599629 0.470334 0.274559 0.312235 0.829373 0.450659 0.539645 0.187261 0.952552 0.900279 0.016232 0.463986 0.527615 0.199108 0.558603 0.270962 0.592680 0.017784 0.689042 0.553059 0.298171 0.176980 0.348605 0.517475 0.371644 0.476890 0.584471 0.194052 0.227762 0.537824 0.476922 0.621541 0.247496 0.114650 0.618293 0.286734 0.404074 0.164991 0.034670 0.871652 0.686794 0.590378 0.993747 0.474651 0.144677 0.656485 0.462084 0.680891 0.539850 0.426083 0.328743 0.671090
0.225567 0.717103 0.546295 0.699294 0.450552 0.319415 0.609389 0.440106 0.675165 0.121248 0.281458 0.251136 0.336497 0.071008 0.253770 0.168822 0.484990 0.204811 0.166774 0.247338 0.275394 0.239496 0.507634 0.274477 0.237457 0.550929 0.342486 0.314666 0.296213 0.352021 0.264593 0.000000 0.084746 0.354225 0.393387 0.255254 0.335950 0.208499 0.385164 0.164609 0.851329 0.661488 0.381937 0.244935 0.497756 0.348479 0.333841 0.591791 0.464035 0.223438 0.223320 0.254979 0.682248 0.398419 0.526328 0.199996 0.768993 0.724985 0.268025 0.540097 0.300619 0.151712 0.377344 0.166102 0.592546 0.261589 0.634293 0.650321 0.499381 0.290658 0.184681 0.333961 0.249439 0.298021 0.319947 0.202569 0.366756 0.327925 0.261443 0.371554 0.503667 0.237959 0.714672 0.134058 0.140052 0.389298 0.231236 0.634014 0.445918 0.453342 0.791054 0.252240 0.370688 0.448206 0.513435 0.760169 0.322219 0.260977 0.283631 0.500816
0.310292 0.683017 0.571642 0.635464 0.504107 0.403633 0.525116 0.368303 0.596297 0.084783 0.330370 0.192224 0.346251 0.154274 0.320855 0.235071 0.400372 0.276685 0.237700 0.162841 0.198426 0.164182 0.485225 0.351557 0.221944 0.551470 0.403865 0.232130 0.360963 0.352113 0.327028 0.084746 0.000000 0.327827 0.387326 0.278267 0.303903 0.206943 0.347067 0.213584 0.822153 0.633412 0.297193 0.197374 0.413009 0.290073 0.299207 0.554655 0.388132 0.224063 0.304541 0.221619 0.601521 0.348171 0.480287 0.212599 0.684524 0.641059 0.327238 0.520758 0.313122 0.164844 0.412145 0.140213 0.547617 0.327372 0.573200 0.632953 0.523990 0.374053 0.120601 0.251833 0.191182 0.339779 0.268952 0.287291 0.381323 0.243217 0.176738 0.295750 0.572530 0.317805 0.694963 0.208140 0.114553 0.465204 0.292434 0.553776 0.366091 0.377390 0.706407 0.167557 0.411877 0.464750 0.487769 0.733829 0.237545 0.312214 0.249264 0.418408
0.497187 0.363327 0.344933 0.413216 0.410562 0.543994 0.527425 0.259770 0.493565 0.410997 0.292346 0.171931 0.673929 0.371919 0.597113 0.330325 0.448482 0.367100 0.348417 0.350962 0.433025 0.242373 0.157468 0.435819 0.547268 0.253047 0.382228 0.305532 0.640649 0.110217 0.346921 0.354225 0.327827 0.000000 0.102096 0.191193 0.615286 0.534765 0.058450 0.518823 0.497460 0.307706 0.395048 0.501519 0.474551 0.146504 0.042172 0.240816 0.305822 0.551890 0.534555 0.106705 0.520833 0.117358 0.194578 0.183308 0.671728 0.613651 0.333142 0.193800 0.640334 0.215174 0.730463 0.190894 0.253325 0.362073 0.342684 0.306144 0.304336 0.506817 0.225771 0.306727 0.170637 0.652131 0.558801 0.472195 0.176247 0.360661 0.334379 0.507339 0.543548 0.433736 0.367263 0.476526 0.441287 0.506546 0.328027 0.685821 0.534087 0.299816 0.734573 0.345349 0.296971 0.791784 0.160386 0.407274 0.375456 0.614559 0.081113 0.402757
0.491871 0.358052 0.242958 0.477479 0.330086 0.519933 0.628181 0.359245 0.584607 0.472102 0.247615 0.262901 0.726654 0.392887 0.616107 0.322757 0.550545 0.349639 0.341497 0.439465 0.519523 0.333015 0.137014 0.405432 0.609163 0.165514 0.325866 0.403655 0.659218 0.047020 0.310162 0.393387 0.387326 0.102096 0.000000 0.167077 0.686950 0.590867 0.150163 0.554690 0.475084 0.290391 0.494768 0.574814 0.576553 0.248592 0.142985 0.256758 0.405593 0.607472 0.540175 0.183709 0.614332 0.212656 0.247864 0.196350 0.769998 0.711347 0.294475 0.158071 0.691545 0.242145 0.768756 0.247633 0.290290 0.327323 0.408444 0.261022 0.203308 0.483605 0.303958 0.406308 0.261112 0.687470 0.637505 0.468802 0.094565 0.457792 0.425601 0.599530 0.471078 0.413496 0.326833 0.500114 0.501644 0.455849 0.300808 0.786962 0.631523 0.400116 0.835086 0.434820 0.223121 0.841001 0.151986 0.381152 0.471360 0.645012 0.167073 0.504121
0.324794 0.523966 0.294051 0.604012 0.256438 0.357526 0.665352 0.416826 0.664407 0.357825 0.104301 0.246458 0.590890 0.237155 0.454373 0.155846 0.563207 0.183624 0.174555 0.385967 0.453801 0.299965 0.302429 0.246120 0.489011 0.303995 0.197852 0.389434 0.496912 0.120057 0.155727 0.255254 0.278267 0.191193 0.167077 0.000000 0.580225 0.463117 0.247532 0.405553 0.641901 0.457317 0.482279 0.475640 0.585460 0.293475 0.204444 0.415361 0.458676 0.478438 0.374246 0.170510 0.686374 0.297223 0.384333 0.068123 0.820285 0.765491 0.142089 0.325140 0.554747 0.113434 0.617864 0.164498 0.438880 0.171022 0.533479 0.425259 0.246533 0.320621 0.245153 0.400077 0.243784 0.535259 0.546539 0.301795 0.112917 0.433657 0.381835 0.546546 0.369579 0.248847 0.491354 0.342772 0.384261 0.316864 0.138533 0.774687 0.598555 0.450205 0.869906 0.384650 0.146078 0.699438 0.315336 0.547869 0.440627 0.489746 0.180959 0.539694
0.483655 0.947038 0.874263 0.825250 0.785435 0.584750 0.566704 0.553340 0.705601 0.222427 0.617399 0.451195 0.165920 0.389389 0.368476 0.501389 0.451734 0.530467 0.495657 0.290445 0.217465 0.388451 0.770643 0.585705 0.106582 0.852261 0.674325 0.383436 0.381258 0.654421 0.597039 0.335950 0.303903 0.615286 0.686950 0.580225 0.000000 0.147892 0.619934 0.271138 1.091013 0.907966 0.368216 0.113952 0.445080 0.532159 0.579906 0.817839 0.548068 0.143161 0.433446 0.509854 0.692218 0.600661 0.730693 0.516005 0.698679 0.677660 0.602113 0.808341 0.166406 0.467443 0.290290 0.440004 0.796493 0.591605 0.777311 0.920268 0.826700 0.569890 0.389565 0.399728 0.451602 0.278732 0.082815 0.472703 0.685186 0.343985 0.315899 0.229545 0.824088 0.543340 0.978756 0.344369 0.197245 0.697564 0.564981 0.453152 0.305483 0.539009 0.677688 0.299111 0.705798 0.259432 0.769551 1.008568 0.323656 0.301960 0.534172 0.516236
0.335803 0.887658 0.754790 0.812585 0.648271 0.437098 0.618948 0.537066 0.731541 0.125289 0.485482 0.389868 0.139966 0.250443 0.233145 0.364297 0.493765 0.389133 0.356396 0.274939 0.236340 0.342254 0.692168 0.440011 0.042528 0.752912 0.534582 0.372689 0.254964 0.552843 0.458472 0.208499 0.206943 0.534765 0.590867 0.463117 0.147892 0.000000 0.552084 0.124863 1.027983 0.839754 0.393945 0.122607 0.495296 0.483643 0.505443 0.758631 0.544345 0.017265 0.287331 0.428445 0.726501 0.547079 0.680100 0.404446 0.766714 0.735649 0.465090 0.727606 0.108969 0.355110 0.226729 0.346140 0.747505 0.451453 0.755916 0.839730 0.707874 0.422008 0.319415 0.392346 0.389403 0.176205 0.175841 0.324905 0.573478 0.352431 0.300712 0.299787 0.678798 0.397233 0.901895 0.196492 0.095299 0.550760 0.427989 0.558624 0.384637 0.534062 0.762604 0.283878 0.576862 0.259642 0.694605 0.940328 0.335992 0.178504 0.455852 0.540835
0.544453 0.335952 0.391053 0.356549 0.468267 0.596263 0.479456 0.209844 0.436986 0.426888 0.349824 0.168746 0.692033 0.411150 0.634162 0.380343 0.409045 0.419163 0.397954 0.342548 0.425405 0.234828 0.155780 0.490153 0.560344 0.280639 0.440332 0.282488 0.677530 0.166803 0.403011 0.385164 0.347067 0.058450 0.150163 0.247532 0.619934 0.552084 0.000000 0.548500 0.476039 0.289080 0.366530 0.506110 0.435865 0.110468 0.052225 0.207905 0.256272 0.569343 0.577661 0.130191 0.465350 0.062494 0.145280 0.231947 0.619852 0.561185 0.389614 0.194868 0.659712 0.257102 0.756823 0.219062 0.208944 0.417730 0.286038 0.303618 0.353105 0.559089 0.234095 0.280022 0.168339 0.680702 0.557710 0.519075 0.232570 0.338578 0.322703 0.491390 0.601956 0.485808 0.359416 0.512830 0.457108 0.563862 0.382655 0.651082 0.509347 0.251327 0.685915 0.335811 0.355080 0.811287 0.151102 0.389924 0.355436 0.646005 0.101570 0.356760
0.214511 0.881544 0.684698 0.849015 0.553386 0.314266 0.705387 0.580096 0.798504 0.167043 0.403459 0.404360 0.198811 0.169829 0.120419 0.277814 0.578293 0.291824 0.265495 0.341584 0.328721 0.375956 0.671943 0.329818 0.167387 0.707900 0.436801 0.431098 0.153881 0.511629 0.364910 0.164609 0.213584 0.518823 0.554690 0.405553 0.271138 0.124863 0.548500 0.000000 1.015911 0.826071 0.474248 0.235221 0.584390 0.502613 0.497634 0.755750 0.596557 0.128007 0.162553 0.418540 0.799174 0.557635 0.687771 0.358768 0.859474 0.823019 0.374398 0.703927 0.163274 0.312759 0.214066 0.329806 0.754529 0.354782 0.786692 0.813495 0.639562 0.301858 0.333442 0.451421 0.403089 0.133511 0.298054 0.206822 0.518454 0.425526 0.363940 0.407733 0.567436 0.286430 0.878223 0.080674 0.151891 0.435864 0.338672 0.672780 0.491940 0.585860 0.864725 0.349392 0.496975 0.296051 0.677983 0.924615 0.412994 0.098877 0.447213 0.612782
0.966434 0.144966 0.520701 0.407533 0.721737 0.986600 0.775622 0.573649 0.630346 0.902866 0.710236 0.642291 1.167883 0.862821 1.088089 0.797731 0.775759 0.822565 0.816452 0.804315 0.885139 0.702565 0.345233 0.870623 1.036157 0.374515 0.769104 0.723626 1.131500 0.522010 0.774702 0.851329 0.822153 0.497460 0.475084 0.641901 1.091013 1.027983 0.476039 1.015911 0.000000 0.189841 0.783509 0.978073 0.802067 0.559436 0.522963 0.273235 0.603315 1.045233 1.015125 0.601261 0.672500 0.490485 0.363826 0.666140 0.846947 0.791685 0.758491 0.317315 1.135231 0.706806 1.227923 0.688126 0.302877 0.792444 0.395581 0.222392 0.527877 0.951520 0.709931 0.713112 0.642268 1.149349 1.023338 0.943682 0.547072 0.776023 0.780891 0.932608 0.865331 0.884299 0.159628 0.969485 0.933111 0.896974 0.771180 1.013060 0.924978 0.607156 0.940701 0.796366 0.653004 1.286862 0.337975 0.094119 0.796087 1.110702 0.573132 0.696190
0.782010 0.073556 0.389515 0.335311 0.569676 0.808439 0.651564 0.416219 0.533556 0.714886 0.533003 0.457166 0.979508 0.673806 0.899297 0.612604 0.627988 0.639968 0.631357 0.625035 0.707126 0.520287 0.156527 0.693000 0.849214 0.226130 0.600227 0.550730 0.942768 0.337357 0.597013 0.661488 0.633412 0.307706 0.290391 0.457317 0.907966 0.839754 0.289080 0.826071 0.189841 0.000000 0.619562 0.794386 0.655296 0.380319 0.334315 0.102519 0.452970 0.856979 0.828416 0.412079 0.574013 0.310993 0.197525 0.477649 0.750653 0.691717 0.580963 0.133113 0.946526 0.517434 1.038139 0.498492 0.154802 0.614554 0.292675 0.084738 0.382911 0.772546 0.523081 0.542544 0.456935 0.959508 0.843133 0.758665 0.370144 0.605185 0.602840 0.762181 0.716194 0.703360 0.090198 0.780228 0.745186 0.730387 0.590337 0.872545 0.763837 0.454542 0.837475 0.617517 0.486269 1.098143 0.148202 0.100844 0.624444 0.920966 0.384163 0.553940
0.607478 0.639629 0.732604 0.464907 0.738160 0.699816 0.231642 0.210772 0.340815 0.307929 0.571162 0.240833 0.508540 0.450534 0.593798 0.511778 0.104685 0.557427 0.519625 0.136281 0.159799 0.182620 0.517971 0.636870 0.372833 0.645508 0.660185 0.093783 0.627841 0.485579 0.590671 0.381937 0.297193 0.395048 0.494768 0.482279 0.368216 0.393945 0.366530 0.474248 0.783509 0.619562 0.000000 0.282294 0.115858 0.256125 0.352938 0.518665 0.190501 0.407321 0.597503 0.325080 0.332935 0.318636 0.423477 0.419329 0.388864 0.349164 0.585685 0.556689 0.490028 0.392970 0.617817 0.323394 0.480721 0.596262 0.425525 0.657659 0.688250 0.668947 0.242741 0.088460 0.243260 0.569100 0.286050 0.584421 0.543236 0.054424 0.120638 0.156239 0.836333 0.607956 0.703757 0.496159 0.323262 0.745875 0.557153 0.295001 0.144830 0.183465 0.410149 0.130251 0.627935 0.620429 0.508615 0.714212 0.061578 0.561446 0.331797 0.149481
0.428742 0.834405 0.768820 0.724528 0.694058 0.530967 0.500874 0.449734 0.623011 0.123978 0.522292 0.337404 0.226489 0.307825 0.351601 0.413755 0.377668 0.448256 0.411028 0.182880 0.122600 0.275722 0.656704 0.512185 0.092324 0.740294 0.587394 0.279746 0.376415 0.543608 0.509497 0.244935 0.197374 0.501519 0.574814 0.475640 0.113952 0.122607 0.506110 0.235221 0.978073 0.794386 0.282294 0.000000 0.376922 0.420048 0.465965 0.705044 0.449325 0.131988 0.391491 0.396380 0.614647 0.488090 0.618984 0.409675 0.645842 0.616668 0.512535 0.694438 0.208141 0.362213 0.337154 0.329010 0.685241 0.506397 0.673245 0.806333 0.721154 0.510228 0.275753 0.297629 0.337772 0.296985 0.075053 0.412952 0.577359 0.247892 0.209156 0.177187 0.746657 0.471970 0.864821 0.291088 0.107754 0.626728 0.475955 0.438318 0.262056 0.439665 0.640049 0.191893 0.607257 0.341000 0.655609 0.895057 0.229078 0.300942 0.420414 0.431557
