0.000000 14.938126 32.249726 12.091898 12.091898 22.620682
14.938126 0.000000 32.249726 14.938126 14.938126 22.620682
32.249726 32.249726 0.000000 32.249726 32.249726 32.249726
12.091898 14.938126 32.249726 0.000000 3.207015 22.620682
12.091898 14.938126 32.249726 3.207015 0.000000 22.620682
22.620682 22.620682 32.249726 22.620682 22.620682 0.000000
