0.000000 0.711556 0.781557 0.268034 0.636673 0.400743 0.536325
0.711556 0.000000 0.587648 0.447752 0.226125 0.420524 0.922107
0.781557 0.587648 0.000000 0.593718 0.368791 0.408918 0.582589
0.268034 0.447752 0.593718 0.000000 0.375851 0.185065 0.583333
0.636673 0.226125 0.368791 0.375851 0.000000 0.260383 0.726425
0.400743 0.420524 0.408918 0.185065 0.260383 0.000000 0.506206
0.536325 0.922107 0.582589 0.583333 0.726425 0.506206 0.000000
